MM_palette <-c("#40B0A0", "#EC6508", "#7715A3", "#0464DB", "#029AA0", "#0D6963",
              "#296B05", "#B70B46", "#DD303C", "#90B711", "#F89607", "#DBB678")